4.38840553553422E-6
-1.593682297223316E-6
1.3146348768433845E-6
1.1164111274864911E-7
-9.851037157732875E-6
7.856220915954987E-6
-2.5481297348186496E-6
-5.161652436275656E-7
3.0447459813741207E-7
1.697532956689795E-6
-1.1315820537514397E-5
3.3147844531751214E-6
1.0055817888131688E-5
8.240816095766517E-7
-2.533025478172919E-6
-1.8153055240209227E-6
1.6735546963165645E-6
2.839729599051369E-6
7.549014589336526E-8
1.5088109289551424E-6
1.0057878861103111E-8
3.687833825617934E-6
-6.4742063048662765E-6
5.07089876649338E-8
8.420873404813944E-6
1.1260038447554572E-7
3.6378186248552376E-7
-1.6048238077828365E-6
2.4045439497416525E-7
9.244234312159663E-7
-7.623056087895975E-6
1.4431363832916715E-6
6.617986711521151E-7
4.933470057007489E-7
-4.692219134444538E-6
1.8237479670243243E-6
-3.3613044008721727E-6
5.752692390330318E-5
1.669061805586027E-6
-2.8782994917798573E-6
-3.3085632019476416E-6
8.603730155938107E-6
8.356324937550025E-7
-4.61176242126267E-6
2.063211417869734E-5
5.137542237203544E-7
6.098996744478884E-6
-3.760540232275618E-6
5.939416306259817E-6
8.294187020368534E-6
1.2509970855731742E-5
7.879563995659906E-6
3.649130416874711E-6
-1.637052709315138E-7
1.664907700384265E-6
9.915033617579865E-7
1.3642224143861295E-6
2.757470025097602E-7
5.663669393585786E-7
4.225983693704053E-6
2.050916240232598E-5
1.3608234212614098E-5
1.0719354471577433E-5
4.8403684659457535E-6
1.5642053983387957E-6
-3.6480669341309407E-7
-4.7411847787107065E-6
-4.67142594471801E-9
2.04807736328765E-6
9.619505531792184E-7
-3.5121768572280634E-6
2.4729678211136607E-6
-2.5585323630997495E-6
-2.241925806804377E-5
1.1511367032526695E-7
-4.419455703229794E-6
3.374969023096908E-6
1.282628917499146E-6
-1.7409298229152876E-6
1.1639687170707694E-7
1.7885476608064768E-6
4.864790361001628E-7
1.529064723407206E-6
7.587693143906924E-8
2.3703647281324795E-6
8.708101643089849E-7
1.2706499828032712E-6
3.293137039669964E-6
2.0636474381672755E-5
1.0878066328861201E-5
7.115198126284498E-7
-1.4876282400286455E-6
5.244331627211251E-6
7.290063344541238E-6
1.4209321225404456E-5
4.560187640828449E-6
-9.674102830809415E-6
1.13079229292573E-7
1.3408371705566479E-5
-2.7677983645018543E-6
1.122901535883309E-8
3.61653326323575E-6
7.448087874623774E-7
-5.891322850364307E-7
-1.0319489037947661E-7
-2.9440510972602384E-8
-7.588494744482756E-6
5.85388215396395E-6
8.065157223096526E-6
-2.394734126601386E-5
-2.7467752918213682E-6
1.3883293480654686E-5
-1.5813593259683056E-7
2.8709461699479236E-9
4.850025737629139E-7
3.5156594819282113E-5
2.9608087877863256E-6
-1.6993613980214182E-5
1.8167230110793084E-6
-6.393756427839635E-7
6.205000593023006E-6
-7.860643064988207E-7
-3.2135415874219905E-8
1.0954284845601406E-5
-5.16696790177732E-6
3.9411528252062685E-6
2.3155670388915686E-6
-2.343458752393698E-7
9.107624413706067E-6
1.848400376902747E-6
2.5274648458525994E-6
-5.8812954933851274E-8
1.9650066566924535E-6
5.4108412252685805E-6
-1.112905799539689E-7
1.2874202111438572E-6
-5.031451396829763E-7
1.1769659563862878E-6
6.384667951177939E-8
4.962855292213357E-8
-3.4076039588129674E-6
1.6782274468093133E-5
-3.83795372001864E-6
-2.757942765594713E-6
-8.14448755946453E-6
4.666116094979487E-6
9.199536302443955E-6
1.1634021782837862E-5
1.7464008123715708E-6
6.65255012760415E-7
3.0548978418036707E-6
5.508281160520178E-6
1.4796603942563828E-5
2.3070929273556104E-6
1.4987902866469404E-5
9.869797313987847E-8
1.5019094504354825E-6
2.1649345534078206E-6
-8.921103236811994E-6
-2.3190438908026E-5
3.0133764019471765E-6
1.0573441386300013E-7
-8.15155913504469E-9
1.9671783639962666E-5
-1.8401347073493424E-6
3.957119438330486E-6
5.716695804931024E-6
1.4963850956800256E-5
1.8518386733523321E-7
1.9918345588086305E-6
7.730705790020414E-9
1.0497865292791864E-5
2.404259046838349E-7
-3.0462839434204954E-6
1.631653625007661E-6
-1.0793173838985902E-7
6.37177244934263E-6
1.4674164215825491E-6
4.7133457009027813E-7
3.300437808840773E-7
1.3631337288820494E-5
1.1335667356115264E-6
-4.215057474621231E-6
-7.376965676510149E-6
3.529381539575648E-6
-3.8340304590095585E-7
-2.831791553764876E-7
-3.7931464308678784E-8
1.7911889534495222E-5
4.442548956792446E-6
4.361195084581559E-6
-1.0693833652192001E-7
-6.818449156053778E-6
1.1225305588664582E-5
-1.2822574089922406E-7
6.957058470826994E-6
2.654268508178568E-8
5.072549365249407E-7
8.958214472671107E-7
2.950581656652179E-7
7.326279301864588E-7
5.979804578629862E-6
2.3038574574498908E-6
-1.417623724249407E-6
-9.853326508217946E-6
1.1726855563322143E-5
1.7760765924697122E-6
1.4892803487003496E-5
-1.0887499358016926E-6
-7.498596253945759E-7
-6.230579222173779E-6
-4.257896448397238E-7
2.719006848459039E-5
8.271130334294143E-6
8.27607191137212E-6
-2.9236312247207844E-6
3.947680858406263E-6
1.010371378214961E-7
1.9512661108698336E-5
-7.081195180746328E-8
-2.3552934876356673E-7
7.8831908293723E-6
-3.8035825746318802E-6
3.7887016021422832E-6
3.479891466782018E-7
-4.335370830543039E-6
-4.209943123881392E-6
6.540257076009458E-7
1.3982748928366786E-5
7.776010344133457E-8
-4.140479523984891E-6
-7.576815060990158E-7
1.676286462123407E-6
3.4486745320668026E-6
1.2466749741078996E-5
1.3395520254665843E-6
1.0594929673889857E-5
8.598388269057536E-7
9.436147741512852E-6
5.145796742238817E-6
1.413162695615482E-6
1.4744670531559174E-7
3.888109169501576E-6
6.785902939068336E-6
3.7929537395805983E-6
3.589566867725903E-6
-1.110139091769678E-6
1.4899783611372063E-6
-4.737508014980571E-6
1.8255147191750108E-6
6.525048730141837E-6
-3.7215852018857094E-5
-2.842004129629007E-7
5.582396574248588E-6
4.7284240542508574E-7
3.5508008381872652E-6
