-0.0012015562801183128
0.0023676786126534265
-0.00643027387780664
-0.004982685513379563
3.14052824722194E-5
-0.002947134129527617
-2.2179562221189472E-4
2.8449005484139904E-4
-7.514738633933915E-4
0.0012131984691203966
-2.863837523065015E-4
-0.002521320766056615
-0.0035998442730802026
-2.82418416068129E-4
-9.228809565184756E-4
8.787652163258722E-4
-4.428489615703089E-4
0.0035797488833304537
-0.002564592310355234
-1.0603104295359443E-5
3.3187628043228464E-4
-9.986503990436232E-4
-0.0010483979428244036
4.5706933731027E-4
8.910933962578503E-4
3.3822718052573024E-4
-0.004137621941442552
3.1288975470448733E-4
-0.002270893561319056
-2.7693375895711947E-4
0.004553781440048026
-5.415110625819896E-5
-6.980247734608115E-4
-3.815987202070458E-4
3.219347000359066E-4
-0.0014760740297831395
-0.0010165939745474478
-7.822810316878277E-4
-0.0016532200676315975
-3.630121373798137E-4
0.003718449821329623
-9.509143869026673E-4
7.518473321630531E-4
0.005233674008661495
-0.0021666772557109985
7.246562053465415E-4
-9.490034298188862E-4
0.0011678244865383613
-0.0046556349451313764
0.0024491314275525513
-0.01095309743257065
-0.006101188114002229
-1.459958387186126E-4
-0.00213811952392675
-0.0031876638434602633
-0.002528305612391862
-0.004485220171567784
2.508096700963779E-4
-0.0013026505188796576
-9.473157812701595E-4
-0.0029313896773685054
0.005894713267666775
0.0032018179459269974
-0.0015676350028036967
