7.189918174094543E-4
-8.284245103366745E-4
-4.4957603936870944E-4
9.29723074746756E-4
1.0999474207513183E-5
0.0013434494930024696
0.001444007470179573
-0.0013212605959534995
0.0018133641430039037
-0.006102703489678992
0.0011261996783903474
0.0027680945224469885
-0.0022949955645165366
-8.909618787880776E-4
1.89061221847594E-4
0.002297479184453226
-0.00344903646023279
-6.46588961372695E-4
-0.0013316520304532354
0.0016082847676479211
-0.0036111581661859575
0.002797494728201006
0.0022413476529260824
0.0012794688064080685
-0.0020150201483792865
-9.536152199504455E-4
-0.0015967404902159886
0.0018440536359901993
-8.555340099139574E-4
-5.235846594504967E-4
7.83029407996261E-5
-0.002890935734973039
