-2.62036805267238E-4
-8.971134520115311E-4
1.7334573066547097E-5
5.516396180081614E-4
-8.107126319342828E-4
-2.890610388828419E-4
1.0894315323889858E-4
4.8085925887754086E-4
7.831689998455602E-4
8.283459406141962E-4
-6.288958893888448E-5
-0.0011288588885254164
4.2593816866554735E-4
-2.438001124449755E-4
1.374537026821555E-4
6.047064161859417E-4
-4.448088370921333E-4
4.969519918466255E-5
9.30915687671438E-4
1.2713107852381557E-4
0.0012104197128113578
8.830561374322305E-4
9.927972567158538E-4
5.799741419269349E-4
-2.808421894244472E-4
3.2312781684075713E-4
-5.161156195500712E-5
-1.2711884797877318E-4
-6.333264312473845E-4
4.3859909026988973E-4
6.995701071950539E-4
-1.8578563170559774E-4
4.460671041428962E-4
4.8355448149415387E-4
8.527388993478753E-4
4.699123401443447E-4
-5.225130948879385E-4
-8.020840417549036E-4
9.228432256916462E-4
-4.8321038475854206E-4
-5.515504171885912E-4
5.0161387974360595E-6
7.339959059193882E-4
8.96696699240354E-4
-2.4936832134374087E-4
-3.7148760203311806E-4
3.9335228195182823E-4
-5.28921877007399E-4
-1.7512303457957728E-5
-2.360214139334942E-5
0.001107328569930707
8.370430889365384E-5
-1.1086184708185686E-4
-0.001516920405077374
-1.5004081308865583E-4
6.309868108795282E-4
1.5808300405602895E-4
6.386125246707147E-4
-6.653916567452818E-4
2.6797162608826336E-4
-1.079254957481188E-4
-2.3613778904590473E-7
-6.473052889347202E-4
-1.1602497783033017E-4
-1.8952215801712618E-6
5.517347190797708E-4
8.398021930858997E-4
1.7231583471954097E-4
0.001084849947869351
-8.876275463692642E-4
-3.823020165538477E-4
-0.0010063278571676992
-1.4776899890626662E-4
-4.0888282982291975E-4
1.3937505296383193E-4
-1.4908463126269537E-4
-8.592315579020963E-4
-2.369322945283285E-8
-5.602984714611988E-4
3.586794610646133E-4
-0.0011982205986951642
-6.261484973301571E-4
3.2736548050153156E-4
7.387266381548235E-4
-0.0013564971156865655
-1.5258306543704397E-7
-1.991338218807362E-4
-2.583405093193172E-4
2.1590784493071526E-4
-5.236454390304987E-5
5.659821606241955E-4
7.368394048954374E-4
-6.864392178964793E-4
6.512566673003527E-5
-1.2605665728844496E-4
1.6766884388175508E-5
4.297185596867128E-4
1.4432976647890265E-4
4.099115800887003E-4
3.0410717054427637E-4
-3.4046186756850306E-5
-7.91540526949089E-4
0.0011700916945141613
1.1607148686080062E-4
-3.377432361975307E-7
-0.0018291034772069316
-2.0492489731202345E-4
-2.207637911614237E-4
-8.3634184176109E-4
-3.286262617877784E-5
-1.1276572581112169E-4
6.82738061212056E-4
-1.7701395984700638E-4
2.0033018862044362E-4
-5.98180024616353E-4
-1.1936722292738085E-5
-7.94890920244021E-4
-1.1961402823958026E-5
-2.933652897977925E-4
5.252106373751258E-4
1.936682045512573E-4
1.1271235718513932E-4
9.81980216153076E-4
-3.324625881254189E-5
-2.6923080807171444E-4
2.2743868200050539E-4
-8.453147130758905E-4
-2.1850623854370672E-4
